32
Terrain
1 1 1
0 0 0
1 0 0 0
0
MapBox
2 2 2
67.6555 1 71.6677
0 0 0 0
2
MapBox
30 30 30
83.7169 15.095 83.7621
0 0 0 0
6
MapBox
30 30 30
83.8541 15.0965 15.093
0 0 0 0
6
MapBox
1 30 40
96.9695 15 48.5277
0 0 0 0
6
MapBox
40 30 1
49.5064 14.9912 1.35366
0 0 0 0
6
MapBox
2 2 2
67.722 3.00101 28.7076
0 0 0 0
1
MapBox
2 2 2
65.6447 1 71.6982
0 0 0 0
2
MapBox
2 2 2
65.5632 1 69.6856
0 0 0 0
2
MapBox
2 2 2
67.5904 0.999998 69.6856
0 0 0 0
2
MapBox
2 2 2
67.5932 3.01331 69.6935
0 0 0 0
2
MapBox
2 2 2
67.7018 3.02825 26.7086
0 0 0 0
1
MapBox
2 2 2
31.1635 2.9843 26.6475
0 0 0 0
4
MapBox
2 2 2
67.707 3.03364 24.7012
0 0 0 0
1
MapBox
2 2 2
67.707 1.01827 26.7034
0 0 0 0
1
MapBox
2 2 2
67.707 1.01827 24.7012
0 0 0 0
1
MapBox
2 2 2
67.6995 1 28.6862
0 0 0 0
1
MapBox
2 2 2
65.6987 1 28.6862
0 0 0 0
1
MapBox
2 2 2
63.6894 1 28.6862
0 0 0 0
1
MapBox
30 30 30
15.1095 15 15.2092
0 0 0 0
6
MapBox
30 30 30
14.929 15 83.6745
0 0 0 0
6
MapBox
40 30 1
49.5064 14.9912 98.6285
0 0 0 0
6
MapBox
1 30 40
0.733357 15 49.1554
0 1 0 0
6
MapBox
2 2 2
61.6989 1 28.6862
0 0 0 0
1
MapBox
2 2 2
31.098 3.00485 28.6862
0 0 0 0
4
MapBox
2 2 2
33.1387 2.98642 26.7241
0 0 0 0
4
MapBox
2 2 2
33.1308 3.01385 28.6919
0 0 0 0
4
MapBox
2 2 2
31.098 1 28.6862
0 0 0 0
4
MapBox
2 2 2
33.1308 1 28.6919
0 0 0 0
4
MapBox
2 2 2
33.1387 1 26.7241
0 0 0 0
4
MapBox
2 2 2
31.1635 1 26.6475
1 0 0 0
4
Wall
3 4.99869 1
1.54131 2.49986 50.5661
0 1 0 -90
0
