23
Terrain
1 1 1
0 0 0
1 0 0 0
3
MapBox
80 20 1
68.4274 9.99999 52.9652
1 0 0 0
8
MapBox
5 20 150
138.865 10.0206 76.2737
1 0 0 0
8
MapBox
1 20 150
1.57615 10 75.0073
1 0 0 0
8
MapBox
70 20 1
91.2062 10 132.587
1 0 0 0
8
MapBox
10 20 40
73.0544 10.0169 102.523
1 0 0 0
8
MapBox
150 20 5
74.2663 10 1.18636
1 0 0 0
8
Wall
30 19.9862 1
124.808 9.99308 132.927
0 1 0 0
0
MapBox
15 20 35
110.216 9.86761 35.9191
1 0 0 0
8
MapBox
35 20 40
12.3393 10 49.66
1 0 0 0
8
MapBox
3 3 3
56.0741 1.5 77.6937
1 0 0 0
0
MapBox
120 20 1
78.9066 10 82.7668
1 0 0 0
8
MapBox
60 20 40
26.7048 10.0347 116.378
1 0 0 0
8
MapBox
3 3 3
101.928 1.5 80.7379
1 0 0 0
0
MapBox
3 3 3
101.928 1.5 77.6917
1 0 0 0
0
MapBox
3 3 3
80.3988 1.5 54.6717
1 0 0 0
0
MapBox
3 3 3
80.3988 1.5 57.6595
1 0 0 0
0
MapBox
3 3 3
56.045 1.5 80.7301
1 0 0 0
0
MapBox
3 3 3
56.0741 1.5 77.6937
1 0 0 0
0
MapBox
3 3 3
56.0741 1.5 77.6937
1 0 0 0
0
MapBox
50 20 40
66.5362 10.1241 21.2907
1 0 0 0
8
Wall
149.85 150 1
75.0212 10 75
1 0 0 -90
7
MapBox
10 20 40
93.9303 10.0344 112.13
1 0 0 0
8
