76
Terrain
1 1 1
0 0 0
1 0 0 0
7
Wall
1.5 1.99976 1
60.1 1 20
0 1 0 -90
0
Wall
1.5 1.99993 1
60.1 1 22
0 1 0 -90
0
Wall
1.5 1.99991 1
60.1 1 24
0 1 0 -90
0
Wall
1.5 1.9999 1
60.1 1 26
0 1 0 -90
0
Wall
1.5 1.99989 1
60.1 1 28
0 1 0 -90
0
Wall
1.5 1.99987 1
60.1 1 30
0 1 0 -90
0
Wall
1.5 1.99984 1
60.1 1 32
0 1 0 -90
0
Wall
1.5 1.99982 1
60.1 1 34
0 1 0 -90
0
Wall
1.5 1.9998 1
60.1 1 36
0 1 0 -90
0
Wall
1.5 1.99978 1
60.1 1 38
0 1 0 -90
0
Wall
1.5 1.99975 1
60.1 1 40
0 1 0 -90
0
Wall
1.5 1.99973 1
60.1 1 42
0 1 0 -90
0
Wall
1.5 1.99971 1
60.1 1 44
0 1 0 -90
0
Wall
1.5 1.99969 1
60.1 1 46
0 1 0 -90
0
Wall
1.5 1.99967 1
60.1 1 48
0 1 0 -90
0
Wall
1.5 1.99965 1
60.1 1 50
0 1 0 -90
0
Wall
1.5 1.9996 1
60.1 1 52
0 1 0 -90
0
Wall
1.5 1.99955 1
60.1 1 54
0 1 0 -90
0
Wall
1.5 1.99951 1
60.1 1 56
0 1 0 -90
0
Wall
1.5 1.9995 1
60.1 1 58
0 1 0 -90
0
Wall
1.5 1.99948 1
60.1 1 60
0 1 0 -90
0
Wall
1.5 1.99945 1
60.1 1 62
0 1 0 -90
0
Wall
1.5 1.99944 1
60.1 1 64
0 1 0 -90
0
Wall
1.5 1.9994 1
60.1 1 66
0 1 0 -90
0
Wall
1.5 1.99935 1
60.1 1 68
0 1 0 -90
0
Wall
1.5 1.99919 1
60.1 1 70
0 1 0 -90
0
Wall
1.5 1.99916 1
60.1 1 72
0 1 0 -90
0
Wall
1.5 1.99914 1
60.1 1 74
0 1 0 -90
0
Wall
1.5 1.99912 1
60.1 1 76
0 1 0 -90
0
Wall
1.5 1.9991 1
60.1 1 78
0 1 0 -90
0
Wall
1.5 1.99896 1
60.1 1 80
0 1 0 -90
0
Wall
1.5 1.99952 1
89.9 1 20
0 1 0 90
0
Wall
1.5 1.9995 1
89.9 1 22
0 1 0 90
0
Wall
1.5 1.99949 1
89.9 1 24
0 1 0 90
0
Wall
1.5 1.99948 1
89.9 1 26
0 1 0 90
0
Wall
1.5 1.99945 1
89.9 1 28
0 1 0 90
0
Wall
1.5 1.99942 1
89.9 1 30
0 1 0 90
0
Wall
1.5 1.99941 1
89.9 1 32
0 1 0 90
0
Wall
1.5 1.99939 1
89.9 1 34
0 1 0 90
0
Wall
1.5 1.99937 1
89.9 1 36
0 1 0 90
0
Wall
1.5 1.99934 1
89.9 1 38
0 1 0 90
0
Wall
1.5 1.99932 1
89.9 1 40
0 1 0 90
0
Wall
1.5 1.9993 1
89.9 1 42
0 1 0 90
0
Wall
1.5 1.99929 1
89.9 1 44
0 1 0 90
0
Wall
1.5 1.99927 1
89.9 1 46
0 1 0 90
0
Wall
1.5 1.99926 1
89.9 1 48
0 1 0 90
0
Wall
1.5 1.99925 1
89.9 1 50
0 1 0 90
0
Wall
1.5 1.99924 1
89.9 1 52
0 1 0 90
0
Wall
1.5 1.9992 1
89.9 1 54
0 1 0 90
0
Wall
1.5 1.99917 1
89.9 1 56
0 1 0 90
0
Wall
1.5 1.99912 1
89.9 1 58
0 1 0 90
0
Wall
1.5 1.99911 1
89.9 1 60
0 1 0 90
0
Wall
1.5 1.99909 1
89.9 1 62
0 1 0 90
0
Wall
1.5 1.99905 1
89.9 1 64
0 1 0 90
0
Wall
1.5 1.99902 1
89.9 1 66
0 1 0 90
0
Wall
1.5 1.99899 1
89.9 1 68
0 1 0 90
0
Wall
1.5 1.99897 1
89.9 1 70
0 1 0 90
0
Wall
1.5 1.9989 1
89.9 1 72
0 1 0 90
0
Wall
1.5 1.99888 1
89.9 1 74
0 1 0 90
0
Wall
1.5 1.99886 1
89.9 1 76
0 1 0 90
0
Wall
1.5 1.99885 1
89.9 1 78
0 1 0 90
0
Wall
1.5 1.99879 1
89.9 1 80
0 1 0 90
0
Wall
29.9938 15 1
75 0.1 91
1 0 0 90
1
Wall
15 14.9986 1
60 1 20
0 1 0 -90
8
Wall
15 14.9982 1
60 1 35
0 1 0 -90
8
Wall
15 14.9979 1
60 1 50
0 1 0 -90
8
Wall
15 14.997 1
60 1 65
0 1 0 -90
8
Wall
15 14.9963 1
60 1 80
0 1 0 -90
8
Wall
15 14.9952 1
60 1 95
0 1 0 -90
8
Wall
15 14.9973 1
90 1 20
0 1 0 90
8
Wall
15 14.997 1
90 1 35
0 1 0 90
8
Wall
15 14.9969 1
90 1 50
0 1 0 90
8
Wall
15 14.9967 1
90 1 65
0 1 0 90
8
Wall
15 14.9963 1
90 1 80
0 1 0 90
8
Wall
15 14.9948 1
90 1 95
0 1 0 90
8
