17
Hight_Terrain
1 1 1
0 0 0
1 0 0 0
4
MapBox
35 30 35
8.20906 15 82.7
1 0 0 0
7
MapBox
35 30 35
84.2489 15.0414 92.7728
1 0 0 0
7
MapBox
35 30 35
19.9051 15 8.50467
1 0 0 0
7
MapBox
35 30 35
84.226 15 8.50467
1 0 0 0
7
MapBox
35 30 35
95.3231 15 17.5821
1 0 0 0
7
MapBox
35 30 35
95.7108 15 82.5214
0 1 0 0
7
MapBox
35 30 35
5.42294 15 18.9336
1 0 0 0
7
MapBox
35 30 35
19.926 15 91.8593
1 0 0 0
7
Wall
30 29.992 1
100 23 50
0 1 0 90
0
Wall
30 30 1
52.2185 21.5083 100
0 1 0 0
0
Wall
30 29.9918 1
0 22 50
0 1 0 -90
0
Wall
5 15 1
31.5349 17.4168 74.3
1 0 0 0
4
Wall
5 15 1
73 17.4168 74.3
1 0 0 0
4
Wall
5 15 1
72.5 17.4168 26.1
0 1 0 180
4
Wall
5 15 1
28.9 17.4168 26.1
0 1 0 180
4
Wall
30 30 1
52.2185 21.5083 9.53674e-07
1 0 0 180
0
