34
Terrain
1 1 1
0 0 0
1 0 0 0
5
MapCylinder
3 20 3
35.0337 10 10.0333
0 0 0 0
1
MapCylinder
3 20 3
65 10 10
0 0 0 0
1
MapCylinder
3 20 3
35 10 30
0 0 0 0
1
MapCylinder
3 20 3
65 10 30
0 0 0 0
1
MapCylinder
3 20 3
35 10 60
0 0 0 0
1
MapCylinder
3 20 3
65 10 60
0 0 0 0
1
MapBox
5 5 15
42.5 2.18467 87
0 0 0 0
5
MapSphere
5 5 5
50 20 85
0 0 0 0
4
Wall
25 24.9972 1
2.38419e-06 12.4999 12.5
0 1 0 -90
3
Wall
25 24.9998 1
2.38419e-06 12.4999 37.5
0 1 0 -90
3
Wall
25 24.9991 1
2.38419e-06 12.5 62.5
0 1 0 -90
3
Wall
25 24.9989 1
2.38419e-06 12.4999 87.5
0 1 0 -90
3
Wall
25 24.9964 1
100 12.5 87
0 1 0 90
3
Wall
25 24.986 1
12.5 12.4999 99
0 1 0 0
3
Wall
25 24.986 1
37.5 12.5 99
0 1 0 0
3
Wall
25 24.986 1
62.5 12.5 99
0 1 0 0
3
Wall
25 24.986 1
87.5 12.5 99
0 1 0 0
3
Wall
24.9998 24.9968 1
100 12.5 62.5
0 1 0 90
3
Wall
24.9998 24.9985 1
100 12.5 37.5
0 1 0 90
3
Wall
24.9998 24.9909 1
100 12.5 12.5
0 1 0 90
3
Wall
25 24.967 1
37.5 12.5 -1.90735e-06
1 0 0 180
3
Wall
25 24.967 1
12.5 12.5 5.72205e-06
1 0 0 180
3
Wall
25 24.967 1
62.5 12.5 7.6294e-06
1 0 0 180
3
Wall
25 24.967 1
87.5 12.5 1.14441e-05
1 0 0 180
3
Wall
9.99805 20 1
50 0.01 10
1 0 0 90
1
Wall
9.99888 20 1
50 0.01 30
1 0 0 90
1
Wall
9.99354 19.9999 1
50 0.01 69.0056
1 0 0 90
2
Wall
9.99502 20 1
50.0469 0.01 49.9628
1 0 0 90
1
MapBox
20 1 15
50 0.499999 87.7138
1 0 0 0
5
MapBox
5 5 15
57.6 2.18467 87
1 0 0 0
5
MapBox
20 30 1
50 0.500001 93
1 0 0 0
5
Wall
99.9387 100 1
50 25 50
1 0 0 -90
6
Wall
10 10 1
50 5 1
1 0 0 180
0
