22
Terrain
1 1 1
0 0 0
1 0 0 0
3
MapBox
80 20 1
68.4274 9.99999 52.9652
1 0 0 0
8
MapBox
1 20 150
149.496 10 75
1 0 0 0
8
MapBox
1 20 150
-0.173557 10 75.0073
1 0 0 0
8
MapBox
35 20 1
65.1044 10 148.925
1 0 0 0
8
MapBox
40 20 30
101.827 10 133.97
1 0 0 0
8
MapBox
150 20 1
75 10 9.53674e-07
1 0 0 0
8
Wall
30 20 1
135 10 148
1 0 0 0
0
MapBox
1 20 35
108 10 35.9172
1 0 0 0
8
MapBox
35 20 40
12.3393 10 49.66
1 0 0 0
8
MapBox
3 3 3
56.0741 1.5 77.6937
1 0 0 0
0
MapBox
100 20 1
99.8502 10 82.7668
1 0 0 0
8
MapBox
50 20 30
24.365 9.99998 134.641
1 0 0 0
8
MapBox
3 3 3
101.928 1.5 80.7379
1 0 0 0
0
MapBox
3 3 3
101.928 1.5 77.6917
1 0 0 0
0
MapBox
3 3 3
80.3988 1.5 54.6717
1 0 0 0
0
MapBox
3 3 3
80.3988 1.5 57.6595
1 0 0 0
0
MapBox
3 3 3
56.045 1.5 80.7301
1 0 0 0
0
MapBox
3 3 3
56.0741 1.5 77.6937
1 0 0 0
0
MapBox
3 3 3
56.0741 1.5 77.6937
1 0 0 0
0
MapBox
20 20 30
56.03 10.1241 14.8423
1 0 0 0
8
Wall
149.879 150 1
75.0212 10 75.046
1 0 0 -90
7
